(kicad_pcb (version 20171130) (host pcbnew 5.1.2-f72e74a~84~ubuntu16.04.1)

  (general
    (thickness 1.6)
    (drawings 0)
    (tracks 0)
    (zones 0)
    (modules 10)
    (nets 1)
  )

  (page A4)
  (layers
    (0 F.Cu signal)
    (31 B.Cu signal)
    (32 B.Adhes user)
    (33 F.Adhes user)
    (34 B.Paste user)
    (35 F.Paste user)
    (36 B.SilkS user)
    (37 F.SilkS user)
    (38 B.Mask user)
    (39 F.Mask user)
    (40 Dwgs.User user)
    (41 Cmts.User user)
    (42 Eco1.User user)
    (43 Eco2.User user)
    (44 Edge.Cuts user)
    (45 Margin user)
    (46 B.CrtYd user)
    (47 F.CrtYd user)
    (48 B.Fab user)
    (49 F.Fab user)
  )

  (setup
    (last_trace_width 0.25)
    (trace_clearance 0.2)
    (zone_clearance 0.508)
    (zone_45_only no)
    (trace_min 0.2)
    (via_size 0.8)
    (via_drill 0.4)
    (via_min_size 0.4)
    (via_min_drill 0.3)
    (uvia_size 0.3)
    (uvia_drill 0.1)
    (uvias_allowed no)
    (uvia_min_size 0.2)
    (uvia_min_drill 0.1)
    (edge_width 0.05)
    (segment_width 0.2)
    (pcb_text_width 0.3)
    (pcb_text_size 1.5 1.5)
    (mod_edge_width 0.12)
    (mod_text_size 1 1)
    (mod_text_width 0.15)
    (pad_size 1.524 1.524)
    (pad_drill 0.762)
    (pad_to_mask_clearance 0.051)
    (solder_mask_min_width 0.25)
    (aux_axis_origin 0 0)
    (visible_elements FFFFFF7F)
    (pcbplotparams
      (layerselection 0x010fc_ffffffff)
      (usegerberextensions false)
      (usegerberattributes false)
      (usegerberadvancedattributes false)
      (creategerberjobfile false)
      (excludeedgelayer true)
      (linewidth 0.100000)
      (plotframeref false)
      (viasonmask false)
      (mode 1)
      (useauxorigin false)
      (hpglpennumber 1)
      (hpglpenspeed 20)
      (hpglpendiameter 15.000000)
      (psnegative false)
      (psa4output false)
      (plotreference true)
      (plotvalue true)
      (plotinvisibletext false)
      (padsonsilk false)
      (subtractmaskfromsilk false)
      (outputformat 1)
      (mirror false)
      (drillshape 1)
      (scaleselection 1)
      (outputdirectory ""))
  )

  (net 0 "")

  (net_class Default "This is the default net class."
    (clearance 0.2)
    (trace_width 0.25)
    (via_dia 0.8)
    (via_drill 0.4)
    (uvia_dia 0.3)
    (uvia_drill 0.1)
  )

  (module Potentiometers:Potentiometer_Alps_RK09K_Vertical (layer F.Cu) (tedit 58826B08) (tstamp 5CDAC62C)
    (at 109.22 88.9 270)
    (descr "Potentiometer, vertically mounted, Omeg PC16PU, Omeg PC16PU, Omeg PC16PU, Vishay/Spectrol 248GJ/249GJ Single, Vishay/Spectrol 248GJ/249GJ Single, Vishay/Spectrol 248GJ/249GJ Single, Vishay/Spectrol 248GH/249GH Single, Vishay/Spectrol 148/149 Single, Vishay/Spectrol 148/149 Single, Vishay/Spectrol 148/149 Single, Vishay/Spectrol 148A/149A Single with mounting plates, Vishay/Spectrol 148/149 Double, Vishay/Spectrol 148A/149A Double with mounting plates, Piher PC-16 Single, Piher PC-16 Single, Piher PC-16 Single, Piher PC-16SV Single, Piher PC-16 Double, Piher PC-16 Triple, Piher T16H Single, Piher T16L Single, Piher T16H Double, Alps RK163 Single, Alps RK163 Double, Alps RK097 Single, Alps RK097 Double, Bourns PTV09A-2 Single with mounting sleve Single, Bourns PTV09A-1 with mounting sleve Single, Bourns PRS11S Single, Alps RK09K Single with mounting sleve Single, http://www.alps.com/prod/info/E/HTML/Potentiometer/RotaryPotentiometers/RK09K/RK09K1110A2S.html")
    (tags "Potentiometer vertical  Omeg PC16PU  Omeg PC16PU  Omeg PC16PU  Vishay/Spectrol 248GJ/249GJ Single  Vishay/Spectrol 248GJ/249GJ Single  Vishay/Spectrol 248GJ/249GJ Single  Vishay/Spectrol 248GH/249GH Single  Vishay/Spectrol 148/149 Single  Vishay/Spectrol 148/149 Single  Vishay/Spectrol 148/149 Single  Vishay/Spectrol 148A/149A Single with mounting plates  Vishay/Spectrol 148/149 Double  Vishay/Spectrol 148A/149A Double with mounting plates  Piher PC-16 Single  Piher PC-16 Single  Piher PC-16 Single  Piher PC-16SV Single  Piher PC-16 Double  Piher PC-16 Triple  Piher T16H Single  Piher T16L Single  Piher T16H Double  Alps RK163 Single  Alps RK163 Double  Alps RK097 Single  Alps RK097 Double  Bourns PTV09A-2 Single with mounting sleve Single  Bourns PTV09A-1 with mounting sleve Single  Bourns PRS11S Single  Alps RK09K Single with mounting sleve Single")
    (fp_text reference REF** (at 0 -11.05 90) (layer F.SilkS)
      (effects (font (size 1 1) (thickness 0.15)))
    )
    (fp_text value Potentiometer_Alps_RK09K_Vertical (at 0 6.05 90) (layer F.Fab)
      (effects (font (size 1 1) (thickness 0.15)))
    )
    (fp_line (start 11.85 -10.05) (end -5.85 -10.05) (layer F.CrtYd) (width 0.05))
    (fp_line (start 11.85 5.1) (end 11.85 -10.05) (layer F.CrtYd) (width 0.05))
    (fp_line (start -5.85 5.1) (end 11.85 5.1) (layer F.CrtYd) (width 0.05))
    (fp_line (start -5.85 -10.05) (end -5.85 5.1) (layer F.CrtYd) (width 0.05))
    (fp_line (start 11.66 -5.56) (end 11.66 0.56) (layer F.SilkS) (width 0.12))
    (fp_line (start 4.26 -5.56) (end 4.26 0.56) (layer F.SilkS) (width 0.12))
    (fp_line (start 4.26 0.56) (end 11.66 0.56) (layer F.SilkS) (width 0.12))
    (fp_line (start 4.26 -5.56) (end 11.66 -5.56) (layer F.SilkS) (width 0.12))
    (fp_line (start 4.26 -5.81) (end 4.26 0.81) (layer F.SilkS) (width 0.12))
    (fp_line (start 3.46 -5.81) (end 3.46 0.81) (layer F.SilkS) (width 0.12))
    (fp_line (start 3.46 0.81) (end 4.26 0.81) (layer F.SilkS) (width 0.12))
    (fp_line (start 3.46 -5.81) (end 4.26 -5.81) (layer F.SilkS) (width 0.12))
    (fp_line (start 3.46 -7.461) (end 3.46 2.46) (layer F.SilkS) (width 0.12))
    (fp_line (start -3.46 -5.005) (end -3.46 0.005) (layer F.SilkS) (width 0.12))
    (fp_line (start -0.805 2.46) (end 3.46 2.46) (layer F.SilkS) (width 0.12))
    (fp_line (start -0.805 -7.461) (end 3.46 -7.461) (layer F.SilkS) (width 0.12))
    (fp_line (start 11.6 -5.5) (end 4.2 -5.5) (layer F.Fab) (width 0.1))
    (fp_line (start 11.6 0.5) (end 11.6 -5.5) (layer F.Fab) (width 0.1))
    (fp_line (start 4.2 0.5) (end 11.6 0.5) (layer F.Fab) (width 0.1))
    (fp_line (start 4.2 -5.5) (end 4.2 0.5) (layer F.Fab) (width 0.1))
    (fp_line (start 4.2 -5.75) (end 3.4 -5.75) (layer F.Fab) (width 0.1))
    (fp_line (start 4.2 0.75) (end 4.2 -5.75) (layer F.Fab) (width 0.1))
    (fp_line (start 3.4 0.75) (end 4.2 0.75) (layer F.Fab) (width 0.1))
    (fp_line (start 3.4 -5.75) (end 3.4 0.75) (layer F.Fab) (width 0.1))
    (fp_line (start 3.4 -7.4) (end -3.4 -7.4) (layer F.Fab) (width 0.1))
    (fp_line (start 3.4 2.4) (end 3.4 -7.4) (layer F.Fab) (width 0.1))
    (fp_line (start -3.4 2.4) (end 3.4 2.4) (layer F.Fab) (width 0.1))
    (fp_line (start -3.4 -7.4) (end -3.4 2.4) (layer F.Fab) (width 0.1))
    (pad 0 thru_hole circle (at -3.3 2.5 270) (size 4.6 4.6) (drill 2.3) (layers *.Cu *.Mask))
    (pad 0 thru_hole circle (at -3.3 -7.5 270) (size 4.6 4.6) (drill 2.3) (layers *.Cu *.Mask))
    (pad 1 thru_hole circle (at 0 0 270) (size 1.8 1.8) (drill 1) (layers *.Cu *.Mask))
    (pad 2 thru_hole circle (at 0 -2.5 270) (size 1.8 1.8) (drill 1) (layers *.Cu *.Mask))
    (pad 3 thru_hole circle (at 0 -5 270) (size 1.8 1.8) (drill 1) (layers *.Cu *.Mask))
    (model Potentiometers.3dshapes/Potentiometer_Alps_RK09K_Vertical.wrl
      (at (xyz 0 0 0))
      (scale (xyz 0.393701 0.393701 0.393701))
      (rotate (xyz 0 0 0))
    )
  )

  (module Potentiometers:Potentiometer_Alps_RK09K_Vertical (layer F.Cu) (tedit 58826B08) (tstamp 5CDAC606)
    (at 83.82 88.9 270)
    (descr "Potentiometer, vertically mounted, Omeg PC16PU, Omeg PC16PU, Omeg PC16PU, Vishay/Spectrol 248GJ/249GJ Single, Vishay/Spectrol 248GJ/249GJ Single, Vishay/Spectrol 248GJ/249GJ Single, Vishay/Spectrol 248GH/249GH Single, Vishay/Spectrol 148/149 Single, Vishay/Spectrol 148/149 Single, Vishay/Spectrol 148/149 Single, Vishay/Spectrol 148A/149A Single with mounting plates, Vishay/Spectrol 148/149 Double, Vishay/Spectrol 148A/149A Double with mounting plates, Piher PC-16 Single, Piher PC-16 Single, Piher PC-16 Single, Piher PC-16SV Single, Piher PC-16 Double, Piher PC-16 Triple, Piher T16H Single, Piher T16L Single, Piher T16H Double, Alps RK163 Single, Alps RK163 Double, Alps RK097 Single, Alps RK097 Double, Bourns PTV09A-2 Single with mounting sleve Single, Bourns PTV09A-1 with mounting sleve Single, Bourns PRS11S Single, Alps RK09K Single with mounting sleve Single, http://www.alps.com/prod/info/E/HTML/Potentiometer/RotaryPotentiometers/RK09K/RK09K1110A2S.html")
    (tags "Potentiometer vertical  Omeg PC16PU  Omeg PC16PU  Omeg PC16PU  Vishay/Spectrol 248GJ/249GJ Single  Vishay/Spectrol 248GJ/249GJ Single  Vishay/Spectrol 248GJ/249GJ Single  Vishay/Spectrol 248GH/249GH Single  Vishay/Spectrol 148/149 Single  Vishay/Spectrol 148/149 Single  Vishay/Spectrol 148/149 Single  Vishay/Spectrol 148A/149A Single with mounting plates  Vishay/Spectrol 148/149 Double  Vishay/Spectrol 148A/149A Double with mounting plates  Piher PC-16 Single  Piher PC-16 Single  Piher PC-16 Single  Piher PC-16SV Single  Piher PC-16 Double  Piher PC-16 Triple  Piher T16H Single  Piher T16L Single  Piher T16H Double  Alps RK163 Single  Alps RK163 Double  Alps RK097 Single  Alps RK097 Double  Bourns PTV09A-2 Single with mounting sleve Single  Bourns PTV09A-1 with mounting sleve Single  Bourns PRS11S Single  Alps RK09K Single with mounting sleve Single")
    (fp_text reference REF** (at 0 -11.05 90) (layer F.SilkS)
      (effects (font (size 1 1) (thickness 0.15)))
    )
    (fp_text value Potentiometer_Alps_RK09K_Vertical (at 0 6.05 90) (layer F.Fab)
      (effects (font (size 1 1) (thickness 0.15)))
    )
    (fp_line (start -3.4 -7.4) (end -3.4 2.4) (layer F.Fab) (width 0.1))
    (fp_line (start -3.4 2.4) (end 3.4 2.4) (layer F.Fab) (width 0.1))
    (fp_line (start 3.4 2.4) (end 3.4 -7.4) (layer F.Fab) (width 0.1))
    (fp_line (start 3.4 -7.4) (end -3.4 -7.4) (layer F.Fab) (width 0.1))
    (fp_line (start 3.4 -5.75) (end 3.4 0.75) (layer F.Fab) (width 0.1))
    (fp_line (start 3.4 0.75) (end 4.2 0.75) (layer F.Fab) (width 0.1))
    (fp_line (start 4.2 0.75) (end 4.2 -5.75) (layer F.Fab) (width 0.1))
    (fp_line (start 4.2 -5.75) (end 3.4 -5.75) (layer F.Fab) (width 0.1))
    (fp_line (start 4.2 -5.5) (end 4.2 0.5) (layer F.Fab) (width 0.1))
    (fp_line (start 4.2 0.5) (end 11.6 0.5) (layer F.Fab) (width 0.1))
    (fp_line (start 11.6 0.5) (end 11.6 -5.5) (layer F.Fab) (width 0.1))
    (fp_line (start 11.6 -5.5) (end 4.2 -5.5) (layer F.Fab) (width 0.1))
    (fp_line (start -0.805 -7.461) (end 3.46 -7.461) (layer F.SilkS) (width 0.12))
    (fp_line (start -0.805 2.46) (end 3.46 2.46) (layer F.SilkS) (width 0.12))
    (fp_line (start -3.46 -5.005) (end -3.46 0.005) (layer F.SilkS) (width 0.12))
    (fp_line (start 3.46 -7.461) (end 3.46 2.46) (layer F.SilkS) (width 0.12))
    (fp_line (start 3.46 -5.81) (end 4.26 -5.81) (layer F.SilkS) (width 0.12))
    (fp_line (start 3.46 0.81) (end 4.26 0.81) (layer F.SilkS) (width 0.12))
    (fp_line (start 3.46 -5.81) (end 3.46 0.81) (layer F.SilkS) (width 0.12))
    (fp_line (start 4.26 -5.81) (end 4.26 0.81) (layer F.SilkS) (width 0.12))
    (fp_line (start 4.26 -5.56) (end 11.66 -5.56) (layer F.SilkS) (width 0.12))
    (fp_line (start 4.26 0.56) (end 11.66 0.56) (layer F.SilkS) (width 0.12))
    (fp_line (start 4.26 -5.56) (end 4.26 0.56) (layer F.SilkS) (width 0.12))
    (fp_line (start 11.66 -5.56) (end 11.66 0.56) (layer F.SilkS) (width 0.12))
    (fp_line (start -5.85 -10.05) (end -5.85 5.1) (layer F.CrtYd) (width 0.05))
    (fp_line (start -5.85 5.1) (end 11.85 5.1) (layer F.CrtYd) (width 0.05))
    (fp_line (start 11.85 5.1) (end 11.85 -10.05) (layer F.CrtYd) (width 0.05))
    (fp_line (start 11.85 -10.05) (end -5.85 -10.05) (layer F.CrtYd) (width 0.05))
    (pad 3 thru_hole circle (at 0 -5 270) (size 1.8 1.8) (drill 1) (layers *.Cu *.Mask))
    (pad 2 thru_hole circle (at 0 -2.5 270) (size 1.8 1.8) (drill 1) (layers *.Cu *.Mask))
    (pad 1 thru_hole circle (at 0 0 270) (size 1.8 1.8) (drill 1) (layers *.Cu *.Mask))
    (pad 0 thru_hole circle (at -3.3 -7.5 270) (size 4.6 4.6) (drill 2.3) (layers *.Cu *.Mask))
    (pad 0 thru_hole circle (at -3.3 2.5 270) (size 4.6 4.6) (drill 2.3) (layers *.Cu *.Mask))
    (model Potentiometers.3dshapes/Potentiometer_Alps_RK09K_Vertical.wrl
      (at (xyz 0 0 0))
      (scale (xyz 0.393701 0.393701 0.393701))
      (rotate (xyz 0 0 0))
    )
  )

  (module 8Bitmixtape_reworked:AUDIO-Jack_3.5mm_5Pin (layer F.Cu) (tedit 5C813D87) (tstamp 5CDAC0FB)
    (at 91.42222 40.72128 270)
    (descr "KIT FOOTPRINT FOR 1/8\" AUDIO JACK.")
    (tags "KIT FOOTPRINT FOR 1/8\" AUDIO JACK.")
    (attr virtual)
    (fp_text reference Jack2 (at -0.254 -2.7432 90) (layer Dwgs.User)
      (effects (font (size 0.4064 0.4064) (thickness 0.0254)))
    )
    (fp_text value JACK_TRS_6PINS (at -0.0508 -1.4732 90) (layer Dwgs.User)
      (effects (font (size 0.4064 0.4064) (thickness 0.0254)))
    )
    (fp_line (start 7.49808 -5.99948) (end 7.49808 5.99948) (layer Eco2.User) (width 0.2032))
    (fp_line (start -4.49834 -4.49834) (end -4.49834 -2.99974) (layer Eco2.User) (width 0.2032))
    (fp_line (start -4.49834 2.99974) (end -4.49834 4.49834) (layer Eco2.User) (width 0.2032))
    (fp_line (start -4.49834 4.49834) (end -3.49758 4.49834) (layer Eco2.User) (width 0.2032))
    (fp_line (start -4.49834 -4.49834) (end -3.49758 -4.49834) (layer Eco2.User) (width 0.2032))
    (fp_line (start -6.49986 -2.99974) (end -6.49986 2.99974) (layer Eco2.User) (width 0.2032))
    (fp_line (start -6.49986 2.99974) (end -4.49834 2.99974) (layer Eco2.User) (width 0.2032))
    (fp_line (start -6.49986 -2.99974) (end -4.49834 -2.99974) (layer Eco2.User) (width 0.2032))
    (fp_line (start -3.49758 -5.99948) (end 3.49758 -5.99948) (layer Eco2.User) (width 0.2032))
    (fp_line (start 7.49808 -5.99948) (end 6.49986 -5.99948) (layer Eco2.User) (width 0.2032))
    (fp_line (start -3.49758 -5.99948) (end -3.49758 5.99948) (layer Eco2.User) (width 0.2032))
    (fp_line (start -3.49758 5.99948) (end 3.49758 5.99948) (layer Eco2.User) (width 0.2032))
    (fp_line (start 7.49808 5.99948) (end 6.49986 5.99948) (layer Eco2.User) (width 0.2032))
    (fp_circle (center 0 0) (end -0.3302 0.3302) (layer F.SilkS) (width 0.1))
    (fp_circle (center 4.99872 -5.09778) (end 5.32892 -5.42798) (layer F.SilkS) (width 0.1))
    (fp_circle (center 4.99872 -2.49936) (end 5.32892 -2.82956) (layer F.SilkS) (width 0.1))
    (fp_circle (center 4.99872 2.49936) (end 5.32892 2.82956) (layer F.SilkS) (width 0.1))
    (fp_circle (center 4.99872 5.09778) (end 5.32892 5.42798) (layer F.SilkS) (width 0.1))
    (fp_circle (center 0 0) (end -0.6096 0.6096) (layer F.SilkS) (width 0.1))
    (fp_circle (center 4.99872 -5.09778) (end 5.60832 -5.70738) (layer F.SilkS) (width 0.1))
    (fp_circle (center 4.99872 5.09778) (end 5.60832 5.70738) (layer F.SilkS) (width 0.1))
    (fp_circle (center 4.99872 2.49936) (end 5.60832 3.10896) (layer F.SilkS) (width 0.1))
    (fp_circle (center 4.99872 -2.49936) (end 5.60832 -3.10896) (layer F.SilkS) (width 0.1))
    (fp_circle (center 0.04064 -4.99872) (end -0.25908 -5.29844) (layer F.SilkS) (width 0.127))
    (fp_line (start -0.5588 -4.99872) (end 0.64008 -4.99872) (layer F.SilkS) (width 0.127))
    (fp_line (start 0.04064 -4.39928) (end 0.04064 -5.59816) (layer F.SilkS) (width 0.127))
    (fp_circle (center 0.04064 4.99872) (end -0.25908 5.29844) (layer F.SilkS) (width 0.127))
    (fp_line (start -0.5588 4.99872) (end 0.64008 4.99872) (layer F.SilkS) (width 0.127))
    (fp_line (start 0.04064 5.59816) (end 0.04064 4.39928) (layer F.SilkS) (width 0.127))
    (pad 3 thru_hole circle (at 4.99872 -5.09778 270) (size 2.18186 2.18186) (drill 1.2) (layers *.Cu *.Mask)
      (solder_mask_margin 0.01))
    (pad 6 thru_hole circle (at 4.99872 -2.49936 270) (size 2.18186 2.18186) (drill 1.2) (layers *.Cu *.Mask)
      (solder_mask_margin 0.01))
    (pad 1 thru_hole circle (at 0 0 270) (size 2.18186 2.18186) (drill 1.2) (layers *.Cu *.Mask)
      (solder_mask_margin 0.01))
    (pad 2 thru_hole circle (at 4.99872 5.09778 270) (size 2.18186 2.18186) (drill 1.2) (layers *.Cu *.Mask)
      (solder_mask_margin 0.01))
    (pad 5 thru_hole circle (at 4.99872 2.49936 270) (size 2.18186 2.18186) (drill 1.2) (layers *.Cu *.Mask)
      (solder_mask_margin 0.01))
    (pad "" np_thru_hole circle (at 0.0635 -5.0165 270) (size 1.2 1.2) (drill 1.2) (layers *.Cu *.Mask)
      (solder_mask_margin 0.01))
    (pad "" np_thru_hole circle (at 0.0635 5.0165 270) (size 1.2 1.2) (drill 1.2) (layers *.Cu *.Mask)
      (solder_mask_margin 0.01))
  )

  (module 8Bitmixtape_reworked:AUDIO-Jack_3.5mm_5Pin (layer F.Cu) (tedit 5C813D87) (tstamp 5CDAC011)
    (at 78.72222 40.72128 270)
    (descr "KIT FOOTPRINT FOR 1/8\" AUDIO JACK.")
    (tags "KIT FOOTPRINT FOR 1/8\" AUDIO JACK.")
    (attr virtual)
    (fp_text reference Jack2 (at -0.254 -2.7432 90) (layer Dwgs.User)
      (effects (font (size 0.4064 0.4064) (thickness 0.0254)))
    )
    (fp_text value JACK_TRS_6PINS (at -0.0508 -1.4732 90) (layer Dwgs.User)
      (effects (font (size 0.4064 0.4064) (thickness 0.0254)))
    )
    (fp_line (start 0.04064 5.59816) (end 0.04064 4.39928) (layer F.SilkS) (width 0.127))
    (fp_line (start -0.5588 4.99872) (end 0.64008 4.99872) (layer F.SilkS) (width 0.127))
    (fp_circle (center 0.04064 4.99872) (end -0.25908 5.29844) (layer F.SilkS) (width 0.127))
    (fp_line (start 0.04064 -4.39928) (end 0.04064 -5.59816) (layer F.SilkS) (width 0.127))
    (fp_line (start -0.5588 -4.99872) (end 0.64008 -4.99872) (layer F.SilkS) (width 0.127))
    (fp_circle (center 0.04064 -4.99872) (end -0.25908 -5.29844) (layer F.SilkS) (width 0.127))
    (fp_circle (center 4.99872 -2.49936) (end 5.60832 -3.10896) (layer F.SilkS) (width 0.1))
    (fp_circle (center 4.99872 2.49936) (end 5.60832 3.10896) (layer F.SilkS) (width 0.1))
    (fp_circle (center 4.99872 5.09778) (end 5.60832 5.70738) (layer F.SilkS) (width 0.1))
    (fp_circle (center 4.99872 -5.09778) (end 5.60832 -5.70738) (layer F.SilkS) (width 0.1))
    (fp_circle (center 0 0) (end -0.6096 0.6096) (layer F.SilkS) (width 0.1))
    (fp_circle (center 4.99872 5.09778) (end 5.32892 5.42798) (layer F.SilkS) (width 0.1))
    (fp_circle (center 4.99872 2.49936) (end 5.32892 2.82956) (layer F.SilkS) (width 0.1))
    (fp_circle (center 4.99872 -2.49936) (end 5.32892 -2.82956) (layer F.SilkS) (width 0.1))
    (fp_circle (center 4.99872 -5.09778) (end 5.32892 -5.42798) (layer F.SilkS) (width 0.1))
    (fp_circle (center 0 0) (end -0.3302 0.3302) (layer F.SilkS) (width 0.1))
    (fp_line (start 7.49808 5.99948) (end 6.49986 5.99948) (layer Eco2.User) (width 0.2032))
    (fp_line (start -3.49758 5.99948) (end 3.49758 5.99948) (layer Eco2.User) (width 0.2032))
    (fp_line (start -3.49758 -5.99948) (end -3.49758 5.99948) (layer Eco2.User) (width 0.2032))
    (fp_line (start 7.49808 -5.99948) (end 6.49986 -5.99948) (layer Eco2.User) (width 0.2032))
    (fp_line (start -3.49758 -5.99948) (end 3.49758 -5.99948) (layer Eco2.User) (width 0.2032))
    (fp_line (start -6.49986 -2.99974) (end -4.49834 -2.99974) (layer Eco2.User) (width 0.2032))
    (fp_line (start -6.49986 2.99974) (end -4.49834 2.99974) (layer Eco2.User) (width 0.2032))
    (fp_line (start -6.49986 -2.99974) (end -6.49986 2.99974) (layer Eco2.User) (width 0.2032))
    (fp_line (start -4.49834 -4.49834) (end -3.49758 -4.49834) (layer Eco2.User) (width 0.2032))
    (fp_line (start -4.49834 4.49834) (end -3.49758 4.49834) (layer Eco2.User) (width 0.2032))
    (fp_line (start -4.49834 2.99974) (end -4.49834 4.49834) (layer Eco2.User) (width 0.2032))
    (fp_line (start -4.49834 -4.49834) (end -4.49834 -2.99974) (layer Eco2.User) (width 0.2032))
    (fp_line (start 7.49808 -5.99948) (end 7.49808 5.99948) (layer Eco2.User) (width 0.2032))
    (pad "" np_thru_hole circle (at 0.0635 5.0165 270) (size 1.2 1.2) (drill 1.2) (layers *.Cu *.Mask)
      (solder_mask_margin 0.01))
    (pad "" np_thru_hole circle (at 0.0635 -5.0165 270) (size 1.2 1.2) (drill 1.2) (layers *.Cu *.Mask)
      (solder_mask_margin 0.01))
    (pad 5 thru_hole circle (at 4.99872 2.49936 270) (size 2.18186 2.18186) (drill 1.2) (layers *.Cu *.Mask)
      (solder_mask_margin 0.01))
    (pad 2 thru_hole circle (at 4.99872 5.09778 270) (size 2.18186 2.18186) (drill 1.2) (layers *.Cu *.Mask)
      (solder_mask_margin 0.01))
    (pad 1 thru_hole circle (at 0 0 270) (size 2.18186 2.18186) (drill 1.2) (layers *.Cu *.Mask)
      (solder_mask_margin 0.01))
    (pad 6 thru_hole circle (at 4.99872 -2.49936 270) (size 2.18186 2.18186) (drill 1.2) (layers *.Cu *.Mask)
      (solder_mask_margin 0.01))
    (pad 3 thru_hole circle (at 4.99872 -5.09778 270) (size 2.18186 2.18186) (drill 1.2) (layers *.Cu *.Mask)
      (solder_mask_margin 0.01))
  )

  (module 8Bitmixtape_reworked:AUDIO-Jack_3.5mm_5Pin (layer F.Cu) (tedit 5C813D87) (tstamp 5CDABFC3)
    (at 66.02222 40.72128 270)
    (descr "KIT FOOTPRINT FOR 1/8\" AUDIO JACK.")
    (tags "KIT FOOTPRINT FOR 1/8\" AUDIO JACK.")
    (attr virtual)
    (fp_text reference Jack2 (at -0.254 -2.7432 90) (layer Dwgs.User)
      (effects (font (size 0.4064 0.4064) (thickness 0.0254)))
    )
    (fp_text value JACK_TRS_6PINS (at -0.0508 -1.4732 90) (layer Dwgs.User)
      (effects (font (size 0.4064 0.4064) (thickness 0.0254)))
    )
    (fp_line (start 7.49808 -5.99948) (end 7.49808 5.99948) (layer Eco2.User) (width 0.2032))
    (fp_line (start -4.49834 -4.49834) (end -4.49834 -2.99974) (layer Eco2.User) (width 0.2032))
    (fp_line (start -4.49834 2.99974) (end -4.49834 4.49834) (layer Eco2.User) (width 0.2032))
    (fp_line (start -4.49834 4.49834) (end -3.49758 4.49834) (layer Eco2.User) (width 0.2032))
    (fp_line (start -4.49834 -4.49834) (end -3.49758 -4.49834) (layer Eco2.User) (width 0.2032))
    (fp_line (start -6.49986 -2.99974) (end -6.49986 2.99974) (layer Eco2.User) (width 0.2032))
    (fp_line (start -6.49986 2.99974) (end -4.49834 2.99974) (layer Eco2.User) (width 0.2032))
    (fp_line (start -6.49986 -2.99974) (end -4.49834 -2.99974) (layer Eco2.User) (width 0.2032))
    (fp_line (start -3.49758 -5.99948) (end 3.49758 -5.99948) (layer Eco2.User) (width 0.2032))
    (fp_line (start 7.49808 -5.99948) (end 6.49986 -5.99948) (layer Eco2.User) (width 0.2032))
    (fp_line (start -3.49758 -5.99948) (end -3.49758 5.99948) (layer Eco2.User) (width 0.2032))
    (fp_line (start -3.49758 5.99948) (end 3.49758 5.99948) (layer Eco2.User) (width 0.2032))
    (fp_line (start 7.49808 5.99948) (end 6.49986 5.99948) (layer Eco2.User) (width 0.2032))
    (fp_circle (center 0 0) (end -0.3302 0.3302) (layer F.SilkS) (width 0.1))
    (fp_circle (center 4.99872 -5.09778) (end 5.32892 -5.42798) (layer F.SilkS) (width 0.1))
    (fp_circle (center 4.99872 -2.49936) (end 5.32892 -2.82956) (layer F.SilkS) (width 0.1))
    (fp_circle (center 4.99872 2.49936) (end 5.32892 2.82956) (layer F.SilkS) (width 0.1))
    (fp_circle (center 4.99872 5.09778) (end 5.32892 5.42798) (layer F.SilkS) (width 0.1))
    (fp_circle (center 0 0) (end -0.6096 0.6096) (layer F.SilkS) (width 0.1))
    (fp_circle (center 4.99872 -5.09778) (end 5.60832 -5.70738) (layer F.SilkS) (width 0.1))
    (fp_circle (center 4.99872 5.09778) (end 5.60832 5.70738) (layer F.SilkS) (width 0.1))
    (fp_circle (center 4.99872 2.49936) (end 5.60832 3.10896) (layer F.SilkS) (width 0.1))
    (fp_circle (center 4.99872 -2.49936) (end 5.60832 -3.10896) (layer F.SilkS) (width 0.1))
    (fp_circle (center 0.04064 -4.99872) (end -0.25908 -5.29844) (layer F.SilkS) (width 0.127))
    (fp_line (start -0.5588 -4.99872) (end 0.64008 -4.99872) (layer F.SilkS) (width 0.127))
    (fp_line (start 0.04064 -4.39928) (end 0.04064 -5.59816) (layer F.SilkS) (width 0.127))
    (fp_circle (center 0.04064 4.99872) (end -0.25908 5.29844) (layer F.SilkS) (width 0.127))
    (fp_line (start -0.5588 4.99872) (end 0.64008 4.99872) (layer F.SilkS) (width 0.127))
    (fp_line (start 0.04064 5.59816) (end 0.04064 4.39928) (layer F.SilkS) (width 0.127))
    (pad 3 thru_hole circle (at 4.99872 -5.09778 270) (size 2.18186 2.18186) (drill 1.2) (layers *.Cu *.Mask)
      (solder_mask_margin 0.01))
    (pad 6 thru_hole circle (at 4.99872 -2.49936 270) (size 2.18186 2.18186) (drill 1.2) (layers *.Cu *.Mask)
      (solder_mask_margin 0.01))
    (pad 1 thru_hole circle (at 0 0 270) (size 2.18186 2.18186) (drill 1.2) (layers *.Cu *.Mask)
      (solder_mask_margin 0.01))
    (pad 2 thru_hole circle (at 4.99872 5.09778 270) (size 2.18186 2.18186) (drill 1.2) (layers *.Cu *.Mask)
      (solder_mask_margin 0.01))
    (pad 5 thru_hole circle (at 4.99872 2.49936 270) (size 2.18186 2.18186) (drill 1.2) (layers *.Cu *.Mask)
      (solder_mask_margin 0.01))
    (pad "" np_thru_hole circle (at 0.0635 -5.0165 270) (size 1.2 1.2) (drill 1.2) (layers *.Cu *.Mask)
      (solder_mask_margin 0.01))
    (pad "" np_thru_hole circle (at 0.0635 5.0165 270) (size 1.2 1.2) (drill 1.2) (layers *.Cu *.Mask)
      (solder_mask_margin 0.01))
  )

  (module 8Bitmixtape_reworked:AUDIO-Jack_3.5mm_5Pin (layer F.Cu) (tedit 5C813D87) (tstamp 5CDABF75)
    (at 50.78222 40.72128 270)
    (descr "KIT FOOTPRINT FOR 1/8\" AUDIO JACK.")
    (tags "KIT FOOTPRINT FOR 1/8\" AUDIO JACK.")
    (attr virtual)
    (fp_text reference Jack2 (at -0.254 -2.7432 90) (layer Dwgs.User)
      (effects (font (size 0.4064 0.4064) (thickness 0.0254)))
    )
    (fp_text value JACK_TRS_6PINS (at -0.0508 -1.4732 90) (layer Dwgs.User)
      (effects (font (size 0.4064 0.4064) (thickness 0.0254)))
    )
    (fp_line (start 0.04064 5.59816) (end 0.04064 4.39928) (layer F.SilkS) (width 0.127))
    (fp_line (start -0.5588 4.99872) (end 0.64008 4.99872) (layer F.SilkS) (width 0.127))
    (fp_circle (center 0.04064 4.99872) (end -0.25908 5.29844) (layer F.SilkS) (width 0.127))
    (fp_line (start 0.04064 -4.39928) (end 0.04064 -5.59816) (layer F.SilkS) (width 0.127))
    (fp_line (start -0.5588 -4.99872) (end 0.64008 -4.99872) (layer F.SilkS) (width 0.127))
    (fp_circle (center 0.04064 -4.99872) (end -0.25908 -5.29844) (layer F.SilkS) (width 0.127))
    (fp_circle (center 4.99872 -2.49936) (end 5.60832 -3.10896) (layer F.SilkS) (width 0.1))
    (fp_circle (center 4.99872 2.49936) (end 5.60832 3.10896) (layer F.SilkS) (width 0.1))
    (fp_circle (center 4.99872 5.09778) (end 5.60832 5.70738) (layer F.SilkS) (width 0.1))
    (fp_circle (center 4.99872 -5.09778) (end 5.60832 -5.70738) (layer F.SilkS) (width 0.1))
    (fp_circle (center 0 0) (end -0.6096 0.6096) (layer F.SilkS) (width 0.1))
    (fp_circle (center 4.99872 5.09778) (end 5.32892 5.42798) (layer F.SilkS) (width 0.1))
    (fp_circle (center 4.99872 2.49936) (end 5.32892 2.82956) (layer F.SilkS) (width 0.1))
    (fp_circle (center 4.99872 -2.49936) (end 5.32892 -2.82956) (layer F.SilkS) (width 0.1))
    (fp_circle (center 4.99872 -5.09778) (end 5.32892 -5.42798) (layer F.SilkS) (width 0.1))
    (fp_circle (center 0 0) (end -0.3302 0.3302) (layer F.SilkS) (width 0.1))
    (fp_line (start 7.49808 5.99948) (end 6.49986 5.99948) (layer Eco2.User) (width 0.2032))
    (fp_line (start -3.49758 5.99948) (end 3.49758 5.99948) (layer Eco2.User) (width 0.2032))
    (fp_line (start -3.49758 -5.99948) (end -3.49758 5.99948) (layer Eco2.User) (width 0.2032))
    (fp_line (start 7.49808 -5.99948) (end 6.49986 -5.99948) (layer Eco2.User) (width 0.2032))
    (fp_line (start -3.49758 -5.99948) (end 3.49758 -5.99948) (layer Eco2.User) (width 0.2032))
    (fp_line (start -6.49986 -2.99974) (end -4.49834 -2.99974) (layer Eco2.User) (width 0.2032))
    (fp_line (start -6.49986 2.99974) (end -4.49834 2.99974) (layer Eco2.User) (width 0.2032))
    (fp_line (start -6.49986 -2.99974) (end -6.49986 2.99974) (layer Eco2.User) (width 0.2032))
    (fp_line (start -4.49834 -4.49834) (end -3.49758 -4.49834) (layer Eco2.User) (width 0.2032))
    (fp_line (start -4.49834 4.49834) (end -3.49758 4.49834) (layer Eco2.User) (width 0.2032))
    (fp_line (start -4.49834 2.99974) (end -4.49834 4.49834) (layer Eco2.User) (width 0.2032))
    (fp_line (start -4.49834 -4.49834) (end -4.49834 -2.99974) (layer Eco2.User) (width 0.2032))
    (fp_line (start 7.49808 -5.99948) (end 7.49808 5.99948) (layer Eco2.User) (width 0.2032))
    (pad "" np_thru_hole circle (at 0.0635 5.0165 270) (size 1.2 1.2) (drill 1.2) (layers *.Cu *.Mask)
      (solder_mask_margin 0.01))
    (pad "" np_thru_hole circle (at 0.0635 -5.0165 270) (size 1.2 1.2) (drill 1.2) (layers *.Cu *.Mask)
      (solder_mask_margin 0.01))
    (pad 5 thru_hole circle (at 4.99872 2.49936 270) (size 2.18186 2.18186) (drill 1.2) (layers *.Cu *.Mask)
      (solder_mask_margin 0.01))
    (pad 2 thru_hole circle (at 4.99872 5.09778 270) (size 2.18186 2.18186) (drill 1.2) (layers *.Cu *.Mask)
      (solder_mask_margin 0.01))
    (pad 1 thru_hole circle (at 0 0 270) (size 2.18186 2.18186) (drill 1.2) (layers *.Cu *.Mask)
      (solder_mask_margin 0.01))
    (pad 6 thru_hole circle (at 4.99872 -2.49936 270) (size 2.18186 2.18186) (drill 1.2) (layers *.Cu *.Mask)
      (solder_mask_margin 0.01))
    (pad 3 thru_hole circle (at 4.99872 -5.09778 270) (size 2.18186 2.18186) (drill 1.2) (layers *.Cu *.Mask)
      (solder_mask_margin 0.01))
  )

  (module 8Bitmixtape_reworked:AUDIO-Jack_3.5mm_5Pin (layer F.Cu) (tedit 5C813D87) (tstamp 5CDABF27)
    (at 38.11778 40.72128 270)
    (descr "KIT FOOTPRINT FOR 1/8\" AUDIO JACK.")
    (tags "KIT FOOTPRINT FOR 1/8\" AUDIO JACK.")
    (attr virtual)
    (fp_text reference Jack2 (at -0.254 -2.7432 90) (layer Dwgs.User)
      (effects (font (size 0.4064 0.4064) (thickness 0.0254)))
    )
    (fp_text value JACK_TRS_6PINS (at -0.0508 -1.4732 90) (layer Dwgs.User)
      (effects (font (size 0.4064 0.4064) (thickness 0.0254)))
    )
    (fp_line (start 7.49808 -5.99948) (end 7.49808 5.99948) (layer Eco2.User) (width 0.2032))
    (fp_line (start -4.49834 -4.49834) (end -4.49834 -2.99974) (layer Eco2.User) (width 0.2032))
    (fp_line (start -4.49834 2.99974) (end -4.49834 4.49834) (layer Eco2.User) (width 0.2032))
    (fp_line (start -4.49834 4.49834) (end -3.49758 4.49834) (layer Eco2.User) (width 0.2032))
    (fp_line (start -4.49834 -4.49834) (end -3.49758 -4.49834) (layer Eco2.User) (width 0.2032))
    (fp_line (start -6.49986 -2.99974) (end -6.49986 2.99974) (layer Eco2.User) (width 0.2032))
    (fp_line (start -6.49986 2.99974) (end -4.49834 2.99974) (layer Eco2.User) (width 0.2032))
    (fp_line (start -6.49986 -2.99974) (end -4.49834 -2.99974) (layer Eco2.User) (width 0.2032))
    (fp_line (start -3.49758 -5.99948) (end 3.49758 -5.99948) (layer Eco2.User) (width 0.2032))
    (fp_line (start 7.49808 -5.99948) (end 6.49986 -5.99948) (layer Eco2.User) (width 0.2032))
    (fp_line (start -3.49758 -5.99948) (end -3.49758 5.99948) (layer Eco2.User) (width 0.2032))
    (fp_line (start -3.49758 5.99948) (end 3.49758 5.99948) (layer Eco2.User) (width 0.2032))
    (fp_line (start 7.49808 5.99948) (end 6.49986 5.99948) (layer Eco2.User) (width 0.2032))
    (fp_circle (center 0 0) (end -0.3302 0.3302) (layer F.SilkS) (width 0.1))
    (fp_circle (center 4.99872 -5.09778) (end 5.32892 -5.42798) (layer F.SilkS) (width 0.1))
    (fp_circle (center 4.99872 -2.49936) (end 5.32892 -2.82956) (layer F.SilkS) (width 0.1))
    (fp_circle (center 4.99872 2.49936) (end 5.32892 2.82956) (layer F.SilkS) (width 0.1))
    (fp_circle (center 4.99872 5.09778) (end 5.32892 5.42798) (layer F.SilkS) (width 0.1))
    (fp_circle (center 0 0) (end -0.6096 0.6096) (layer F.SilkS) (width 0.1))
    (fp_circle (center 4.99872 -5.09778) (end 5.60832 -5.70738) (layer F.SilkS) (width 0.1))
    (fp_circle (center 4.99872 5.09778) (end 5.60832 5.70738) (layer F.SilkS) (width 0.1))
    (fp_circle (center 4.99872 2.49936) (end 5.60832 3.10896) (layer F.SilkS) (width 0.1))
    (fp_circle (center 4.99872 -2.49936) (end 5.60832 -3.10896) (layer F.SilkS) (width 0.1))
    (fp_circle (center 0.04064 -4.99872) (end -0.25908 -5.29844) (layer F.SilkS) (width 0.127))
    (fp_line (start -0.5588 -4.99872) (end 0.64008 -4.99872) (layer F.SilkS) (width 0.127))
    (fp_line (start 0.04064 -4.39928) (end 0.04064 -5.59816) (layer F.SilkS) (width 0.127))
    (fp_circle (center 0.04064 4.99872) (end -0.25908 5.29844) (layer F.SilkS) (width 0.127))
    (fp_line (start -0.5588 4.99872) (end 0.64008 4.99872) (layer F.SilkS) (width 0.127))
    (fp_line (start 0.04064 5.59816) (end 0.04064 4.39928) (layer F.SilkS) (width 0.127))
    (pad 3 thru_hole circle (at 4.99872 -5.09778 270) (size 2.18186 2.18186) (drill 1.2) (layers *.Cu *.Mask)
      (solder_mask_margin 0.01))
    (pad 6 thru_hole circle (at 4.99872 -2.49936 270) (size 2.18186 2.18186) (drill 1.2) (layers *.Cu *.Mask)
      (solder_mask_margin 0.01))
    (pad 1 thru_hole circle (at 0 0 270) (size 2.18186 2.18186) (drill 1.2) (layers *.Cu *.Mask)
      (solder_mask_margin 0.01))
    (pad 2 thru_hole circle (at 4.99872 5.09778 270) (size 2.18186 2.18186) (drill 1.2) (layers *.Cu *.Mask)
      (solder_mask_margin 0.01))
    (pad 5 thru_hole circle (at 4.99872 2.49936 270) (size 2.18186 2.18186) (drill 1.2) (layers *.Cu *.Mask)
      (solder_mask_margin 0.01))
    (pad "" np_thru_hole circle (at 0.0635 -5.0165 270) (size 1.2 1.2) (drill 1.2) (layers *.Cu *.Mask)
      (solder_mask_margin 0.01))
    (pad "" np_thru_hole circle (at 0.0635 5.0165 270) (size 1.2 1.2) (drill 1.2) (layers *.Cu *.Mask)
      (solder_mask_margin 0.01))
  )

  (module 8Bitmixtape_reworked:AUDIO-Jack_3.5mm_5Pin (layer F.Cu) (tedit 5C813D87) (tstamp 5CDABE15)
    (at 38.1 88.9 90)
    (descr "KIT FOOTPRINT FOR 1/8\" AUDIO JACK.")
    (tags "KIT FOOTPRINT FOR 1/8\" AUDIO JACK.")
    (attr virtual)
    (fp_text reference Jack2 (at -0.254 -2.7432 90) (layer Dwgs.User)
      (effects (font (size 0.4064 0.4064) (thickness 0.0254)))
    )
    (fp_text value JACK_TRS_6PINS (at -0.0508 -1.4732 90) (layer Dwgs.User)
      (effects (font (size 0.4064 0.4064) (thickness 0.0254)))
    )
    (fp_line (start 7.49808 -5.99948) (end 7.49808 5.99948) (layer Eco2.User) (width 0.2032))
    (fp_line (start -4.49834 -4.49834) (end -4.49834 -2.99974) (layer Eco2.User) (width 0.2032))
    (fp_line (start -4.49834 2.99974) (end -4.49834 4.49834) (layer Eco2.User) (width 0.2032))
    (fp_line (start -4.49834 4.49834) (end -3.49758 4.49834) (layer Eco2.User) (width 0.2032))
    (fp_line (start -4.49834 -4.49834) (end -3.49758 -4.49834) (layer Eco2.User) (width 0.2032))
    (fp_line (start -6.49986 -2.99974) (end -6.49986 2.99974) (layer Eco2.User) (width 0.2032))
    (fp_line (start -6.49986 2.99974) (end -4.49834 2.99974) (layer Eco2.User) (width 0.2032))
    (fp_line (start -6.49986 -2.99974) (end -4.49834 -2.99974) (layer Eco2.User) (width 0.2032))
    (fp_line (start -3.49758 -5.99948) (end 3.49758 -5.99948) (layer Eco2.User) (width 0.2032))
    (fp_line (start 7.49808 -5.99948) (end 6.49986 -5.99948) (layer Eco2.User) (width 0.2032))
    (fp_line (start -3.49758 -5.99948) (end -3.49758 5.99948) (layer Eco2.User) (width 0.2032))
    (fp_line (start -3.49758 5.99948) (end 3.49758 5.99948) (layer Eco2.User) (width 0.2032))
    (fp_line (start 7.49808 5.99948) (end 6.49986 5.99948) (layer Eco2.User) (width 0.2032))
    (fp_circle (center 0 0) (end -0.3302 0.3302) (layer F.SilkS) (width 0.1))
    (fp_circle (center 4.99872 -5.09778) (end 5.32892 -5.42798) (layer F.SilkS) (width 0.1))
    (fp_circle (center 4.99872 -2.49936) (end 5.32892 -2.82956) (layer F.SilkS) (width 0.1))
    (fp_circle (center 4.99872 2.49936) (end 5.32892 2.82956) (layer F.SilkS) (width 0.1))
    (fp_circle (center 4.99872 5.09778) (end 5.32892 5.42798) (layer F.SilkS) (width 0.1))
    (fp_circle (center 0 0) (end -0.6096 0.6096) (layer F.SilkS) (width 0.1))
    (fp_circle (center 4.99872 -5.09778) (end 5.60832 -5.70738) (layer F.SilkS) (width 0.1))
    (fp_circle (center 4.99872 5.09778) (end 5.60832 5.70738) (layer F.SilkS) (width 0.1))
    (fp_circle (center 4.99872 2.49936) (end 5.60832 3.10896) (layer F.SilkS) (width 0.1))
    (fp_circle (center 4.99872 -2.49936) (end 5.60832 -3.10896) (layer F.SilkS) (width 0.1))
    (fp_circle (center 0.04064 -4.99872) (end -0.25908 -5.29844) (layer F.SilkS) (width 0.127))
    (fp_line (start -0.5588 -4.99872) (end 0.64008 -4.99872) (layer F.SilkS) (width 0.127))
    (fp_line (start 0.04064 -4.39928) (end 0.04064 -5.59816) (layer F.SilkS) (width 0.127))
    (fp_circle (center 0.04064 4.99872) (end -0.25908 5.29844) (layer F.SilkS) (width 0.127))
    (fp_line (start -0.5588 4.99872) (end 0.64008 4.99872) (layer F.SilkS) (width 0.127))
    (fp_line (start 0.04064 5.59816) (end 0.04064 4.39928) (layer F.SilkS) (width 0.127))
    (pad 3 thru_hole circle (at 4.99872 -5.09778 90) (size 2.18186 2.18186) (drill 1.2) (layers *.Cu *.Mask)
      (solder_mask_margin 0.01))
    (pad 6 thru_hole circle (at 4.99872 -2.49936 90) (size 2.18186 2.18186) (drill 1.2) (layers *.Cu *.Mask)
      (solder_mask_margin 0.01))
    (pad 1 thru_hole circle (at 0 0 90) (size 2.18186 2.18186) (drill 1.2) (layers *.Cu *.Mask)
      (solder_mask_margin 0.01))
    (pad 2 thru_hole circle (at 4.99872 5.09778 90) (size 2.18186 2.18186) (drill 1.2) (layers *.Cu *.Mask)
      (solder_mask_margin 0.01))
    (pad 5 thru_hole circle (at 4.99872 2.49936 90) (size 2.18186 2.18186) (drill 1.2) (layers *.Cu *.Mask)
      (solder_mask_margin 0.01))
    (pad "" np_thru_hole circle (at 0.0635 -5.0165 90) (size 1.2 1.2) (drill 1.2) (layers *.Cu *.Mask)
      (solder_mask_margin 0.01))
    (pad "" np_thru_hole circle (at 0.0635 5.0165 90) (size 1.2 1.2) (drill 1.2) (layers *.Cu *.Mask)
      (solder_mask_margin 0.01))
  )

  (module 8Bitmixtape_reworked:AUDIO-Jack_3.5mm_5Pin (layer F.Cu) (tedit 5C813D87) (tstamp 5CDAB9D2)
    (at 61.0235 88.9635 90)
    (descr "KIT FOOTPRINT FOR 1/8\" AUDIO JACK.")
    (tags "KIT FOOTPRINT FOR 1/8\" AUDIO JACK.")
    (attr virtual)
    (fp_text reference Jack2 (at -0.254 -2.7432 90) (layer Dwgs.User)
      (effects (font (size 0.4064 0.4064) (thickness 0.0254)))
    )
    (fp_text value JACK_TRS_6PINS (at -0.0508 -1.4732 90) (layer Dwgs.User)
      (effects (font (size 0.4064 0.4064) (thickness 0.0254)))
    )
    (fp_line (start 0.04064 5.59816) (end 0.04064 4.39928) (layer F.SilkS) (width 0.127))
    (fp_line (start -0.5588 4.99872) (end 0.64008 4.99872) (layer F.SilkS) (width 0.127))
    (fp_circle (center 0.04064 4.99872) (end -0.25908 5.29844) (layer F.SilkS) (width 0.127))
    (fp_line (start 0.04064 -4.39928) (end 0.04064 -5.59816) (layer F.SilkS) (width 0.127))
    (fp_line (start -0.5588 -4.99872) (end 0.64008 -4.99872) (layer F.SilkS) (width 0.127))
    (fp_circle (center 0.04064 -4.99872) (end -0.25908 -5.29844) (layer F.SilkS) (width 0.127))
    (fp_circle (center 4.99872 -2.49936) (end 5.60832 -3.10896) (layer F.SilkS) (width 0.1))
    (fp_circle (center 4.99872 2.49936) (end 5.60832 3.10896) (layer F.SilkS) (width 0.1))
    (fp_circle (center 4.99872 5.09778) (end 5.60832 5.70738) (layer F.SilkS) (width 0.1))
    (fp_circle (center 4.99872 -5.09778) (end 5.60832 -5.70738) (layer F.SilkS) (width 0.1))
    (fp_circle (center 0 0) (end -0.6096 0.6096) (layer F.SilkS) (width 0.1))
    (fp_circle (center 4.99872 5.09778) (end 5.32892 5.42798) (layer F.SilkS) (width 0.1))
    (fp_circle (center 4.99872 2.49936) (end 5.32892 2.82956) (layer F.SilkS) (width 0.1))
    (fp_circle (center 4.99872 -2.49936) (end 5.32892 -2.82956) (layer F.SilkS) (width 0.1))
    (fp_circle (center 4.99872 -5.09778) (end 5.32892 -5.42798) (layer F.SilkS) (width 0.1))
    (fp_circle (center 0 0) (end -0.3302 0.3302) (layer F.SilkS) (width 0.1))
    (fp_line (start 7.49808 5.99948) (end 6.49986 5.99948) (layer Eco2.User) (width 0.2032))
    (fp_line (start -3.49758 5.99948) (end 3.49758 5.99948) (layer Eco2.User) (width 0.2032))
    (fp_line (start -3.49758 -5.99948) (end -3.49758 5.99948) (layer Eco2.User) (width 0.2032))
    (fp_line (start 7.49808 -5.99948) (end 6.49986 -5.99948) (layer Eco2.User) (width 0.2032))
    (fp_line (start -3.49758 -5.99948) (end 3.49758 -5.99948) (layer Eco2.User) (width 0.2032))
